image_width: 640
image_height: 480
camera_name: rgb_A00361A04459039A
camera_matrix:
  rows: 3
  cols: 3
  data: [513.302537, 0.000000, 331.246163, 0.000000, 514.364986, 248.337257, 0.000000, 0.000000, 1.000000]
distortion_model: plumb_bob
distortion_coefficients:
  rows: 1
  cols: 5
  data: [0.234916, -0.391039, 0.007339, 0.022318, 0.000000]
rectification_matrix:
  rows: 3
  cols: 3
  data: [1.000000, 0.000000, 0.000000, 0.000000, 1.000000, 0.000000, 0.000000, 0.000000, 1.000000]
projection_matrix:
  rows: 3
  cols: 4
  data: [527.236328, 0.000000, 345.401406, 0.000000, 0.000000, 540.456726, 251.454780, 0.000000, 0.000000, 0.000000, 1.000000, 0.000000]
